R
+73
-272
-923
-165
-987
W
R
+840
+169
+560
+278
+97
-267
+979
+821
-393
+745
+194
+153
W
R
-490
-530
-666
-801
+408
+298
+13
-63
+669
-629
W
R
+105
+298
+505
-566
+438
+897
-137
+397
-609
+175
-142
-412
+594
W
R
-113
-962
+82
+821
-671
W
R
+738
-790
+335
-98
+454
+760
W
R
+506
-238
-844
-226
+738
-550
+947
+272
+385
+623
-968
+625
-11
-244
-396
+991
+397
+825
W
R
+808
+625
-995
+439
+556
W
R
-94
+789
+193
-455
-963
W
R
-249
-638
+651
+731
-419
+180
+54
+545
+200
-597
-550
-412
+504
-65
+209
+483
+773
+176
-630
-444
+16
+133
-178
+711
-819
+591
W
R
+197
-589
+304
-254
+947
-955
+238
W
R
+857
-593
-418
+729
+102
+419
+269
+473
W
R
+658
-930
-973
W
R
-950
-203
W
R
+258
-950
-879
-549
+771
+983
-723
+229
-299
+776
-958
+64
-751
+551
W
R
-418
+413
+12
-117
-324
+511
-410
+565
-403
+141
W
R
W
R
+171
-625
+348
+974
+220
+54
W
R
+189
-304
-592
-580
-939
+811
+671
+661
-240
+627
+563
+727
+531
-6
-601
+103
-936
+710
W
R
+781
+169
+536
+384
+476
-666
-384
-258
-518
-825
+818
+918
+34
-754
-935
-865
W
R
-876
+245
+192
+37
+715
+129
+501
+958
-89
+846
+338
+719
+788
+35
-684
-734
+615
-661
+631
W
R
-639
+679
+107
+121
-450
W
R
-141
+217
W
R
+747
+317
-762
+708
W
R
+752
+557
+930
+221
+427
-791
-856
+439
+766
+43
-719
-623
+943
W
R
-816
+639
-891
+328
-683
+91
+904
+790
-890
+441
+784
-561
+802
-854
+377
-819
+941
-299
W
R
-390
-14
-150
W
R
+731
W
R
+57
-805
+669
+421
-300
-54
+889
+415
-963
-92
-420
-368
+196
+234
+448
+871
+719
-764
-410
+342
-44
+575
-596
-87
+852
-400
-857
W
R
-845
+610
-290
+555
-275
+226
+783
+879
-137
-284
+960
-707
-562
+890
-313
-840
-394
W
R
+786
-739
-252
-454
-671
+947
+854
+552
+359
+356
+353
-244
-283
-909
-939
+549
+110
+773
+936
+231
-798
+297
-90
W
R
+112
+230
+128
-959
-194
-559
+632
+81
-521
-591
W
R
-704
+144
-416
-618
-128
W
R
-149
+515
-959
-48
-381
-251
+595
-172
+219
+243
+670
-392
-361
-562
+434
-322
+928
+366
+722
+793
-956
+355
+728
W
R
-616
-851
+523
+607
-553
+40
+733
+251
-160
+875
-633
-236
+464
-119
-859
+716
-748
W
R
-292
-300
-563
-801
+486
+531
+486
-254
-615
-297
-412
+174
+324
+750
+429
W
R
-451
+134
+600
-753
+225
+96
+858
+920
+526
+641
W
R
-445
-962
+826
-571
+129
-978
+838
+926
-199
+276
-819
+416
+683
-748
+18
-661
-63
-308
+119
+392
-853
+475
W
R
-819
+468
-234
-265
+75
+363
-534
+184
-399
+886
-47
-767
-682
W
R
-241
+806
-912
W
R
+200
+484
-686
W
R
+102
+917
-489
+789
+605
+721
-862
W
R
-419
W
R
-375
-131
-308
+508
+0
-999
+962
-821
-10
+493
-571
+891
-957
+775
+415
+347
-134
+879
W
R
+537
+447
+416
-550
-96
-922
+12
-495
-208
+830
-112
+9
+381
W
R
+439
+266
-515
-142
+885
+436
+602
-456
+881
-805
-651
W
R
-635
-443
+441
+518
+955
-32
+328
W
R
+881
-551
+864
-113
-118
-743
-343
+212
-782
+73
+10
W
R
-542
-562
+99
+550
+502
+299
-869
+515
+382
-154
+755
-386
+786
+198
+686
+585
+817
-461
-383
-511
+142
+30
-915
-681
-433
+936
-754
W
R
-595
+341
-20
+451
-937
W
