R
+73
-272
-923
-165
-987
W
R
+840
+169
+560
+278
+97
-267
+979
+821
-393
+745
+194
+153
W
R
-490
-530
-666
-801
+408
+298
+13
-63
+669
-629
W
R
+105
+298
+505
-566
+438
+897
-137
+397
-609
+175
-142
-412
+594
W
R
-113
-962
+82
+821
-671
W
R
+738
-790
+335
-98
+454
+760
W
R
+506
-238
-844
-226
+738
-550
+947
+272
+385
+623
-968
+625
-11
-244
-396
+991
+397
+825
W
R
+808
+625
-995
+439
+556
W
R
-94
+789
+193
-455
-963
W
R
-249
-638
+651
+731
-419
+180
+54
+545
+200
-597
-550
-412
+504
-65
+209
+483
+773
+176
-630
-444
+16
+133
-178
+711
-819
+591
W
R
+197
-589
+304
-254
+947
-955
+238
W
R
+857
-593
-418
+729
+102
+419
+269
+473
W
R
+658
-930
-973
W
R
-950
-203
W
R
+258
-950
-879
-549
+771
+983
-723
+229
-299
+776
-958
+64
-751
+551
W
R
-418
+413
+12
-117
-324
+511
-410
+565
-403
+141
W
R
W
R
+171
-625
+348
+974
+220
+54
W
R
+189
-304
-592
-580
-939
+811
+671
+661
-240
+627
+563
+727
+531
-6
-601
+103
-936
+710
W
R
+781
+169
+536
+384
+476
-666
-384
-258
-518
-825
+818
+918
+34
-754
-935
-865
W
R
-876
+245
+192
+37
+715
+129
+501
+958
-89
+846
+338
+719
+788
+35
-684
-734
+615
-661
+631
W
R
-639
+679
+107
+121
-450
W
R
-141
+217
W
R
+747
+317
-762
+708
W
R
+752
+557
+930
+221
+427
-791
-856
+439
+766
+43
-719
-623
+943
W
R
-816
+639
-891
+328
-683
+91
+904
+790
-890
+441
+784
-561
+802
-854
+377
-819
+941
-299
W
R
-390
-14
-150
W
R
+731
W
R
+57
-805
+669
+421
-300
-54
+889
+415
-963
-92
-420
-368
+196
+234
+448
+871
+719
-764
-410
+342
-44
+575
-596
-87
+852
-400
-857
W
R
-845
+610
-290
+555
-275
+226
+783
+879
-137
-284
+960
-707
-562
+890
-313
-840
-394
W
R
+786
-739
-252
-454
-671
+947
+854
+552
+359
+356
+353
-244
-283
-909
-939
+549
+110
+773
+936
+231
-798
+297
-90
W
R
+112
+230
+128
-959
-194
-559
+632
+81
-521
-591
W
R
-704
+144
-416
-618
-128
W
R
-149
+515
-959
-48
-381
-251
+595
-172
+219
+243
+670
-392
-361
-562
+434
-322
+928
+366
+722
+793
-956
+355
+728
W
R
-616
-851
+523
+607
-553
+40
+733
+251
-160
+875
-633
-236
+464
-119
-859
+716
-748
W
R
-292
-300
-563
-801
+486
+531
+486
-254
-615
-297
-412
+174
+324
+750
+429
W
R
-451
+134
+600
-753
+225
+96
+858
+920
+526
+641
W
R
-445
-962
+826
-571
+129
-978
+838
+926
-199
+276
-819
+416
+683
-748
+18
-661
-63
-308
+119
+392
-853
+475
W
R
-819
+468
-234
-265
+75
+363
-534
+184
-399
+886
-47
-767
-682
W
R
-241
+806
-912
W
R
+200
+484
-686
W
R
+102
+917
-489
+789
+605
+721
-862
W
R
-419
W
R
-375
-131
-308
+508
+0
-999
+962
-821
-10
+493
-571
+891
-957
+775
+415
+347
-134
+879
W
R
+537
+447
+416
-550
-96
-922
+12
-495
-208
+830
-112
+9
+381
W
R
+439
+266
-515
-142
+885
+436
+602
-456
+881
-805
-651
W
R
-635
-443
+441
+518
+955
-32
+328
W
R
+881
-551
+864
-113
-118
-743
-343
+212
-782
+73
+10
W
R
-542
-562
+99
+550
+502
+299
-869
+515
+382
-154
+755
-386
+786
+198
+686
+585
+817
-461
-383
-511
+142
+30
-915
-681
-433
+936
-754
W
R
-595
+341
-20
+451
-937
W
R
+907
-539
+281
+605
-624
+299
-851
-893
+361
+796
-444
-431
+265
W
R
+948
-894
+989
+143
-261
-202
-686
+367
-317
+273
-680
+957
+189
W
R
+614
-897
+29
-398
-518
+203
+559
-34
-436
+750
-492
+981
-706
-267
W
R
-358
-304
+637
-656
-113
-104
+962
+269
+753
+520
+424
-320
-401
-613
-940
-670
+134
+891
+10
+901
-34
-187
W
R
+971
-110
+694
-474
-423
+357
-574
+39
+530
-896
+938
+684
-460
+635
-194
+258
-443
W
R
-593
-726
+296
+9
-522
-815
-151
+677
-465
+849
W
R
-376
+327
+193
+822
+879
+424
+406
W
R
+930
+549
+652
+670
-84
+219
+895
-118
+617
-587
+122
-582
-8
+170
W
R
+620
+135
-235
+363
+451
+447
-223
+932
-345
W
R
+819
-107
-946
W
R
-756
+775
-864
+940
+897
+563
+899
-392
+776
+797
+8
-303
+186
+425
+399
-260
-53
+581
-48
-470
-263
+370
W
R
-579
+501
-581
-151
-454
+15
+966
-86
-26
-432
-301
+608
-202
+88
+596
-123
+155
-431
+579
+656
-347
W
R
+860
-236
+475
-266
-507
+896
-466
+561
+576
-289
+638
-927
-455
+580
W
R
-483
-434
-481
-118
-274
-588
-805
-46
W
R
-975
-70
-115
+734
-580
-6
+272
-975
+986
+537
+495
+82
+599
W
R
+6
+396
+725
+470
+122
+280
W
R
-582
+41
+687
+94
-630
-219
+139
-639
-83
+805
-287
+568
-999
+488
W
R
-572
-319
-629
-558
+562
+245
+708
+105
-335
+979
+59
+748
+737
-498
-382
+133
W
R
-270
+328
+82
-405
+384
+328
+308
-923
-924
+856
-747
+383
+836
-362
-596
W
R
+294
-655
+217
+256
+487
-832
+707
+925
-545
+307
+641
+465
-893
+429
W
R
-53
-280
-40
+704
-486
-374
+27
+841
-935
+761
-219
+254
-304
-113
W
R
-759
-792
+229
+480
+184
+209
-785
W
R
-989
+566
-585
-391
+303
+761
+89
+712
-531
+513
-804
-722
-365
-612
-900
-475
+763
-582
-551
+617
+991
-456
+239
W
R
-513
-985
+245
+199
W
R
+419
+829
-218
+837
+24
-472
-778
+324
-577
-115
W
R
-945
+211
-282
-110
W
R
+20
-605
+624
+544
-81
+638
W
R
-13
+183
+800
+801
-674
-691
+293
-415
-53
+795
+806
W
R
-349
+387
-984
+911
-938
+662
-175
-377
-860
+521
-364
-5
W
R
+975
+649
-974
-742
+460
+293
+365
-332
+258
W
R
+310
-736
-750
+37
-593
+905
+553
-907
W
R
+439
+595
+313
-253
+956
-400
+199
-417
-435
+873
W
R
-193
+13
+198
-988
+365
+766
-4
+122
+703
+464
+729
-188
+302
+397
-388
-717
+326
+79
-890
-311
-452
-72
+515
+782
-228
W
R
+239
+964
-959
-527
+8
+899
-381
+507
-469
-647
+788
-247
W
R
+702
+757
+440
+842
W
R
+11
-843
-836
W
R
-401
-108
+787
+665
+457
+882
+239
+604
+784
-414
W
R
-904
+732
+525
-328
+230
-132
W
R
+164
-679
-590
W
R
+967
-504
-964
+101
W
R
-985
+855
-927
-421
+320
-242
-541
+987
+33
+503
+750
-19
+574
-793
W
R
+357
+793
+969
-498
+190
-426
-117
+441
+268
+922
-978
-163
-84
+232
+762
-135
-594
-134
W
R
+599
+601
-873
+128
W
R
+539
+414
-611
+127
+397
-291
-882
-123
W
R
-873
-899
+143
-75
+776
+128
+162
+337
+630
W
R
+343
+850
+523
-29
+157
+353
W
R
-362
+266
+682
+296
+765
+903
W
R
+950
+963
+784
-277
-683
+790
+836
-269
-66
+850
-643
-501
-720
+711
-476
-256
-639
+487
-606
-898
-633
W
R
-58
-986
+235
-500
-788
+223
+156
-169
-881
+671
-866
-626
+303
-241
+681
W
R
-452
+889
W
