R
+73
-272
-923
-165
-987
W
R
+840
+169
+560
+278
+97
-267
+979
+821
-393
+745
+194
+153
W
R
-490
-530
-666
-801
+408
+298
+13
-63
+669
-629
W
R
+105
+298
+505
-566
+438
+897
-137
+397
-609
+175
-142
-412
+594
W
R
-113
-962
+82
+821
-671
W
R
+738
-790
+335
-98
+454
+760
W
R
+506
-238
-844
-226
+738
-550
+947
+272
+385
+623
-968
+625
-11
-244
-396
+991
+397
+825
W
R
+808
+625
-995
+439
+556
W
R
-94
+789
+193
-455
-963
W
R
-249
-638
+651
+731
-419
+180
+54
+545
+200
-597
-550
-412
+504
-65
+209
+483
+773
+176
-630
-444
+16
+133
-178
+711
-819
+591
W
